using DWave

n_edges =33
h = [-55.01277752008653, -42.500000478450985, -67.51298150898708, -55.016759462347764, -55.01935907549598, -42.50688986967475, -67.51941971668154, -55.013105044657294, -42.51201261885907, -42.506861611432, -42.5070475713566, -42.51246168890071, -67.50973303325912, -42.505446528741395, -42.50410641662663, -42.503629564486474, -42.50590382647268, -67.5055035531251, -67.503599471725, -67.50355668845366, -67.50335711621149, -67.50207686095268, -67.50213253544369, -67.5019927418355, -67.50142074021676, -67.50143902096904, -67.5012385762638, -67.50100419117032, -67.50102547624019, -67.50087593774266, -67.50046454273784, -67.50050711368462, -67.50041002573921]

J = [[0.0, 7.5, 1.25, 1.25, 1.2465099350391322, 1.25, 1.25, 1.25, 1.2489459232744808, 1.2499999999994726, 1.2489459232744808, 1.2499999999994726, 1.25, 1.2497045053082307, 1.2499999984950925, 1.2497045053082307, 1.2499999984950925, 1.25, 1.2498741519625585, 1.2499999866250204, 1.25, 1.2499548949980268, 1.2499999749204234, 1.25, 1.2499817049329336, 1.2499999735183438, 1.25, 1.2499923011414553, 1.249999981032079, 1.25, 1.249997495702393, 1.2499999859298205, 1.25], [7.5, 0.0, 1.25, 7.5, 1.25, 1.2499999007019915, 1.25, 1.2499999007019915, 1.25, 1.25, 1.25, 1.25, 1.24999997192978, 1.25, 1.25, 1.25, 1.25, 1.2499999925046918, 1.25, 1.25, 1.249999996780066, 1.25, 1.25, 1.2499999988285015, 1.25, 1.25, 1.2499999995495623, 1.25, 1.25, 1.2499999998369857, 1.25, 1.25, 1.2499999999409335], [1.25, 1.25, 0.0, 1.25, 1.2499999999982478, 1.25, 1.2464437266175852, 1.25, 1.2499999950101819, 1.248960746004538, 1.2499999950101819, 1.248960746004538, 1.25, 1.2499999478121673, 1.2496747130289458, 1.2499999478121673, 1.2496747130289458, 1.25, 1.2499999231099255, 1.2498746808395595, 1.25, 1.2499999305556808, 1.2499516903665127, 1.25, 1.2499999539310964, 1.2499803300313952, 1.25, 1.2499999765834553, 1.2499913911819545, 1.25, 1.2499999894251483, 1.2499968491542173, 1.25], [1.25, 7.5, 1.25, 0.0, 1.25, 1.2465551644608575, 1.25, 1.2465551644608575, 1.25, 1.25, 1.25, 1.25, 1.2489865743790118, 1.25, 1.25, 1.25, 1.25, 1.2496993066614892, 1.25, 1.25, 1.249886283088782, 1.25, 1.25, 1.2499585178789998, 1.25, 1.25, 1.2499859198414867, 1.25, 1.25, 1.2499947338844364, 1.25, 1.25, 1.249998604170202], [1.2465099350391322, 1.25, 1.2499999999982478, 1.25, 0.0, 7.5, 1.25, 1.25, 1.2475328289626466, 1.25, 1.2475328289626466, 1.25, 1.25, 1.2495104349657873, 1.2499999999999887, 1.2495104349657873, 1.2499999999999887, 1.25, 1.2498192114988578, 1.2499999998371134, 1.25, 1.2499408068559572, 1.2499999972817668, 1.25, 1.2499768034068741, 1.249999993672499, 1.25, 1.249990348027971, 1.249999993886282, 1.25, 1.2499968503918342, 1.2499999944986309, 1.25], [1.25, 1.2499999007019915, 1.25, 1.2465551644608575, 7.5, 0.0, 1.25, 7.5, 1.25, 1.25, 1.25, 1.25, 1.2499999999998246, 1.25, 1.25, 1.25, 1.25, 1.2499999999999696, 1.25, 1.25, 1.2499999999999873, 1.25, 1.25, 1.2499999999999958, 1.25, 1.25, 1.2499999999999984, 1.25, 1.25, 1.2499999999999993, 1.25, 1.25, 1.2499999999999998], [1.25, 1.25, 1.2464437266175852, 1.25, 1.25, 1.25, 0.0, 1.25, 1.249999999999975, 1.247609692212376, 1.249999999999975, 1.247609692212376, 1.25, 1.2499999985190735, 1.2494536433590528, 1.2499999985190735, 1.2494536433590528, 1.25, 1.249999989006267, 1.2498217047661533, 1.25, 1.2499999782061912, 1.249937156926442, 1.25, 1.2499999809871862, 1.2499754232471258, 1.25, 1.249999989339219, 1.2499893998668148, 1.25, 1.2499999949683072, 1.2499961295469928, 1.25], [1.25, 1.2499999007019915, 1.25, 1.2465551644608575, 1.25, 7.5, 1.25, 0.0, 1.25, 1.25, 1.25, 1.25, 1.247644771779874, 1.25, 1.25, 1.25, 1.25, 1.249493166561111, 1.25, 1.25, 1.2498360930207302, 1.25, 1.25, 1.249944918452064, 1.25, 1.25, 1.249981949469322, 1.25, 1.25, 1.249993301466858, 1.25, 1.25, 1.249998211758542], [1.2489459232744808, 1.25, 1.2499999950101819, 1.25, 1.2475328289626466, 1.25, 1.249999999999975, 1.25, 0.0, 7.5, 7.5, 1.25, 1.25, 1.248974107497848, 1.25, 1.248974107497848, 1.25, 1.25, 1.249699096438164, 1.2499999999999998, 1.25, 1.2499155387319152, 1.2499999999805507, 1.25, 1.2499688570065952, 1.249999999602791, 1.25, 1.2499873460389967, 1.2499999991970379, 1.25, 1.2499958924548242, 1.2499999988766082, 1.25], [1.2499999999994726, 1.25, 1.248960746004538, 1.25, 1.25, 1.25, 1.247609692212376, 1.25, 7.5, 0.0, 1.25, 7.5, 1.25, 1.25, 1.25, 1.25, 1.25, 1.25, 1.25, 1.25, 1.2499999999524694, 1.25, 1.25, 1.2499999816500023, 1.25, 1.25, 1.2499997958525682, 1.25, 1.25, 1.249999515328804, 1.25, 1.25, 1.2499994632837905], [1.2489459232744808, 1.25, 1.2499999950101819, 1.25, 1.2475328289626466, 1.25, 1.249999999999975, 1.25, 7.5, 1.25, 0.0, 7.5, 1.25, 1.2499989414782398, 1.25, 1.2499989414782398, 1.25, 1.25, 1.2499996989093947, 1.25, 1.25, 1.249999924687503, 1.25, 1.25, 1.249999974655813, 1.25, 1.25, 1.2499999889092235, 1.25, 1.25, 1.2499999969560047, 1.25, 1.25], [1.2499999999994726, 1.25, 1.248960746004538, 1.25, 1.25, 1.25, 1.247609692212376, 1.25, 1.25, 7.5, 7.5, 0.0, 1.25, 1.2499999999999203, 1.2488184761464658, 1.2499999999999203, 1.2488184761464658, 1.25, 1.2499999998199827, 1.2497033847182395, 1.25, 1.2499999971518854, 1.2499100868264599, 1.25, 1.249999995360933, 1.2499671198359534, 1.25, 1.2499999967284001, 1.2499861906425682, 1.25, 1.2499999982659877, 1.2499949956900702, 1.25], [1.25, 1.24999997192978, 1.25, 1.2489865743790118, 1.25, 1.2499999999998246, 1.25, 1.247644771779874, 1.25, 1.25, 1.25, 1.25, 0.0, 1.25, 1.25, 1.25, 1.25, 1.2488986830924966, 1.25, 1.25, 1.249722035908355, 1.25, 1.25, 1.249918432604657, 1.25, 1.25, 1.249974752582459, 1.25, 1.25, 1.2499907502650403, 1.25, 1.25, 1.2499975108289247], [1.2497045053082307, 1.25, 1.2499999478121673, 1.25, 1.2495104349657873, 1.25, 1.2499999985190735, 1.25, 1.248974107497848, 1.25, 1.2499989414782398, 1.2499999999999203, 1.25, 0.0, 7.5, 7.5, 1.25, 1.25, 1.249318767772624, 1.25, 1.25, 1.2498451088046614, 1.25, 1.25, 1.2499499914400032, 1.2499999999999347, 1.25, 1.249980928916722, 1.2499999999964593, 1.25, 1.2499940031434604, 1.2499999999741607, 1.25], [1.2499999984950925, 1.25, 1.2496747130289458, 1.25, 1.2499999999999887, 1.25, 1.2494536433590528, 1.25, 1.25, 1.25, 1.25, 1.2488184761464658, 1.25, 7.5, 0.0, 1.25, 7.5, 1.25, 1.25, 1.25, 1.25, 1.25, 1.25, 1.2499999999979774, 1.25, 1.25, 1.249999998798525, 1.25, 1.25, 1.2499999880854982, 1.25, 1.25, 1.2499999737751273], [1.2497045053082307, 1.25, 1.2499999478121673, 1.25, 1.2495104349657873, 1.25, 1.2499999985190735, 1.25, 1.248974107497848, 1.25, 1.2499989414782398, 1.2499999999999203, 1.25, 7.5, 1.25, 0.0, 7.5, 1.25, 1.2499979251539468, 1.25, 1.25, 1.2499995680226614, 1.25, 1.25, 1.249999865306794, 1.25, 1.25, 1.2499999405957787, 1.25, 1.25, 1.2499999830963175, 1.25, 1.25], [1.2499999984950925, 1.25, 1.2496747130289458, 1.25, 1.2499999999999887, 1.25, 1.2494536433590528, 1.25, 1.25, 1.25, 1.25, 1.2488184761464658, 1.25, 1.25, 7.5, 7.5, 0.0, 1.25, 1.25, 1.249337660117727, 1.25, 1.24999999998863, 1.2498414447888984, 1.25, 1.2499999998438085, 1.2499493150993282, 1.25, 1.2499999997683278, 1.2499798961642505, 1.25, 1.24999999981792, 1.2499929401452223, 1.25], [1.25, 1.2499999925046918, 1.25, 1.2496993066614892, 1.25, 1.2499999999999696, 1.25, 1.249493166561111, 1.25, 1.25, 1.25, 1.25, 1.2488986830924966, 1.25, 1.25, 1.25, 1.25, 0.0, 1.25, 1.25, 1.2493669592238537, 1.25, 1.25, 1.2498492852757226, 1.25, 1.25, 1.2499590033032681, 1.25, 1.25, 1.2499856341593363, 1.25, 1.25, 1.2499961926555032], [1.2498741519625585, 1.25, 1.2499999231099255, 1.25, 1.2498192114988578, 1.25, 1.249999989006267, 1.25, 1.249699096438164, 1.25, 1.2499996989093947, 1.2499999998199827, 1.25, 1.249318767772624, 1.25, 1.2499979251539468, 1.25, 1.25, 0.0, 1.25, 1.25, 1.2496292374377844, 1.25, 1.25, 1.249905228584477, 1.25, 1.25, 1.2499670625547887, 1.25, 1.25, 1.2499899718887686, 1.249999999999969, 1.25], [1.2499999866250204, 1.25, 1.2498746808395595, 1.25, 1.2499999998371134, 1.25, 1.2498217047661533, 1.25, 1.2499999999999998, 1.25, 1.25, 1.2497033847182395, 1.25, 1.25, 1.25, 1.25, 1.249337660117727, 1.25, 1.25, 0.0, 1.25, 1.25, 1.2496263517639057, 1.25, 1.2499999999997435, 1.2499038523108716, 1.25, 1.24999999999678, 1.2499656247447768, 1.25, 1.2499999999930755, 1.2499884100602183, 1.25], [1.25, 1.249999996780066, 1.25, 1.249886283088782, 1.25, 1.2499999999999873, 1.25, 1.2498360930207302, 1.25, 1.2499999999524694, 1.25, 1.25, 1.249722035908355, 1.25, 1.25, 1.25, 1.25, 1.2493669592238537, 1.25, 1.25, 0.0, 1.25, 1.25, 1.2496261099652084, 1.25, 1.25, 1.2499175523637955, 1.25, 1.25, 1.249973387049923, 1.25, 1.25, 1.2499930245410933], [1.2499548949980268, 1.25, 1.2499999305556808, 1.25, 1.2499408068559572, 1.25, 1.2499999782061912, 1.25, 1.2499155387319152, 1.25, 1.249999924687503, 1.2499999971518854, 1.25, 1.2498451088046614, 1.25, 1.2499995680226614, 1.24999999998863, 1.25, 1.2496292374377844, 1.25, 1.25, 0.0, 1.25, 1.25, 1.2497676771884183, 1.25, 1.25, 1.2499285694200457, 1.25, 1.25, 1.2499803374743004, 1.25, 1.25], [1.2499999749204234, 1.25, 1.2499516903665127, 1.25, 1.2499999972817668, 1.25, 1.249937156926442, 1.25, 1.2499999999805507, 1.25, 1.25, 1.2499100868264599, 1.25, 1.25, 1.25, 1.25, 1.2498414447888984, 1.25, 1.25, 1.2496263517639057, 1.25, 1.25, 0.0, 1.25, 1.25, 1.2497622205407373, 1.25, 1.25, 1.2499268652737914, 1.25, 1.2499999999999971, 1.2499779436086622, 1.25], [1.25, 1.2499999988285015, 1.25, 1.2499585178789998, 1.25, 1.2499999999999958, 1.25, 1.249944918452064, 1.25, 1.2499999816500023, 1.25, 1.25, 1.249918432604657, 1.25, 1.2499999999979774, 1.25, 1.25, 1.2498492852757226, 1.25, 1.25, 1.2496261099652084, 1.25, 1.25, 0.0, 1.25, 1.25, 1.2497832158745794, 1.25, 1.25, 1.2499382249201465, 1.25, 1.25, 1.2499849436344015], [1.2499817049329336, 1.25, 1.2499999539310964, 1.25, 1.2499768034068741, 1.25, 1.2499999809871862, 1.25, 1.2499688570065952, 1.25, 1.249999974655813, 1.249999995360933, 1.25, 1.2499499914400032, 1.25, 1.249999865306794, 1.2499999998438085, 1.25, 1.249905228584477, 1.2499999999997435, 1.25, 1.2497676771884183, 1.25, 1.25, 0.0, 1.25, 1.25, 1.2497889192939375, 1.25, 1.25, 1.2499506779530003, 1.25, 1.25], [1.2499999735183438, 1.25, 1.2499803300313952, 1.25, 1.249999993672499, 1.25, 1.2499754232471258, 1.25, 1.249999999602791, 1.25, 1.25, 1.2499671198359534, 1.25, 1.2499999999999347, 1.25, 1.25, 1.2499493150993282, 1.25, 1.25, 1.2499038523108716, 1.25, 1.25, 1.2497622205407373, 1.25, 1.25, 0.0, 1.25, 1.25, 1.2497954929386377, 1.25, 1.25, 1.249946768717858, 1.25], [1.25, 1.2499999995495623, 1.25, 1.2499859198414867, 1.25, 1.2499999999999984, 1.25, 1.249981949469322, 1.25, 1.2499997958525682, 1.25, 1.25, 1.249974752582459, 1.25, 1.249999998798525, 1.25, 1.25, 1.2499590033032681, 1.25, 1.25, 1.2499175523637955, 1.25, 1.25, 1.2497832158745794, 1.25, 1.25, 0.0, 1.25, 1.25, 1.2498189789111547, 1.25, 1.25, 1.2499595453213774], [1.2499923011414553, 1.25, 1.2499999765834553, 1.25, 1.249990348027971, 1.25, 1.249999989339219, 1.25, 1.2499873460389967, 1.25, 1.2499999889092235, 1.2499999967284001, 1.25, 1.249980928916722, 1.25, 1.2499999405957787, 1.2499999997683278, 1.25, 1.2499670625547887, 1.24999999999678, 1.25, 1.2499285694200457, 1.25, 1.25, 1.2497889192939375, 1.25, 1.25, 0.0, 1.25, 1.25, 1.2498625370997463, 1.25, 1.25], [1.249999981032079, 1.25, 1.2499913911819545, 1.25, 1.249999993886282, 1.25, 1.2499893998668148, 1.25, 1.2499999991970379, 1.25, 1.25, 1.2499861906425682, 1.25, 1.2499999999964593, 1.25, 1.25, 1.2499798961642505, 1.25, 1.25, 1.2499656247447768, 1.25, 1.25, 1.2499268652737914, 1.25, 1.25, 1.2497954929386377, 1.25, 1.25, 0.0, 1.25, 1.25, 1.2498524269552562, 1.25], [1.25, 1.2499999998369857, 1.25, 1.2499947338844364, 1.25, 1.2499999999999993, 1.25, 1.249993301466858, 1.25, 1.249999515328804, 1.25, 1.25, 1.2499907502650403, 1.25, 1.2499999880854982, 1.25, 1.25, 1.2499856341593363, 1.25, 1.25, 1.249973387049923, 1.25, 1.25, 1.2499382249201465, 1.25, 1.25, 1.2498189789111547, 1.25, 1.25, 0.0, 1.25, 1.25, 1.2498675172205047], [1.249997495702393, 1.25, 1.2499999894251483, 1.25, 1.2499968503918342, 1.25, 1.2499999949683072, 1.25, 1.2499958924548242, 1.25, 1.2499999969560047, 1.2499999982659877, 1.25, 1.2499940031434604, 1.25, 1.2499999830963175, 1.24999999981792, 1.25, 1.2499899718887686, 1.2499999999930755, 1.25, 1.2499803374743004, 1.2499999999999971, 1.25, 1.2499506779530003, 1.25, 1.25, 1.2498625370997463, 1.25, 1.25, 0.0, 1.25, 1.25], [1.2499999859298205, 1.25, 1.2499968491542173, 1.25, 1.2499999944986309, 1.25, 1.2499961295469928, 1.25, 1.2499999988766082, 1.25, 1.25, 1.2499949956900702, 1.25, 1.2499999999741607, 1.25, 1.25, 1.2499929401452223, 1.25, 1.249999999999969, 1.2499884100602183, 1.25, 1.25, 1.2499779436086622, 1.25, 1.25, 1.249946768717858, 1.25, 1.25, 1.2498524269552562, 1.25, 1.25, 0.0, 1.25], [1.25, 1.2499999999409335, 1.25, 1.249998604170202, 1.25, 1.2499999999999998, 1.25, 1.249998211758542, 1.25, 1.2499994632837905, 1.25, 1.25, 1.2499975108289247, 1.25, 1.2499999737751273, 1.25, 1.25, 1.2499961926555032, 1.25, 1.25, 1.2499930245410933, 1.25, 1.25, 1.2499849436344015, 1.25, 1.25, 1.2499595453213774, 1.25, 1.25, 1.2498675172205047, 1.25, 1.25, 0.0]]

Jprime = zeros(n_edges, n_edges)

for i=1:n_edges
    for j=1:n_edges
        Jprime[i,j] = J[i][j]
    end
end

inst = DWave.ProblemInstance(h,DWave.cast_to_upper_triangular(sparse(Jprime)))
(E,s,bE,bs)=DWave.sa_linear(0.1,10,1000,1000,inst)


